INDEX

,ΠΜ ΕΤ VERBORUM DE QUIBUS IN
COMMENTARIO AGITUR.

———-—...-..

Α 16,16.(1511115511).55111,12,2.11,59,
· mmmm

acne- -51115111, 5, 15.
111515515511111511123,6.1151)α Α511111111111114,1.
2,4, 10. 5551111515511551515155111111511111,40,13.
ιἰι, 13 15.11,56,2. 511111111111,33,1.11,4313.1ι,43,28.
1553111155151111, 26, 12. x, 18, 33.
in pomposa. confusaV1,5, 10. 11551511151111,3, 16.
11511.111“11111,51, 18. Accusativpsrepionemp. inrep 111,9,1.
1111111116, 19. = 11 ,33,l
151Α1111551511111,43, 13. - 1151511111, 28, 19. 11, 41, 4. 111, 13,
1515111. 115551151133, 10. cf. 14 32. 111,32, 31. 111, 41, 10.1111,14,8.
61,12 111111,1ι·111111, 15, 11.1111,341.8εάιιιιι151111ιιιιε1ιιιιιιιιιειι-
51511111111, 34, 1. 111, 15, 14 111- (1515 scr1blturpr0 11 1x 5, 30.
1155111, 2, 13.-5511111535--01155115113151151151141115.
111515115111111111. 11,14,11. 1111111551 111, 33, 2. Olympiadax, 18,
1511, 23 19-pr0abcumper 30.- 511 pro 11111 in masc nominibus
11, 26 11,--951111151511155151 11,21, 21. V11,1,1. vn, 5, 31-511515
1m,nonpraegaudioV11‚ 33, 5. aminfemin. 11, 26, 1. 11, 45,4- —enin

lexproexpraepos.1x‚39, 14. - femin 11315. 11,24,22. ιι, 1,11. 11, ,

ἰοιιίε(5511115115ι5155111111)1,,303.10,.-21111115111111,5, 21. 11, 21, 4.

1nde111,17,.4 1551115111,35“,28.11,31,14.11,435 11,601.11,2, 12.

10miniffust’emmm1v, 121. “ 11,3, 12 11, 13, 25.

cum 51 per in militaribus rebus ·-- plur. 511 protem 11, 11, 1. 111,31,

·6,18etvn1,41, 2. 13 -3311,,9 14.11,23,13.

1551111)ιοὶ11 oenspeetu 11, 52, 1- 151551155351511515135555 Graece
115,ου(15511511151111,2,10.11,21,4.

ria 1151591515111,12,6. 11,34, 16. 11, 36 1. 11,38, 25.1,15,

lutus subinoellecto subiecto 111, 20 111, 24, 40. 111, 41, 5. 1111, 9,31.
1111, 11, 1. 1111,13,11.1111,43,13.1ιι,

15151511311.Αο1.11,ι3,12.31315120.

prposito nominativo diremptiV, -vere (3115551511 11,6,36.11,23,16.
111113,13.1111,44,.2

51511155511, 11, 5. 3555111551111115111111115 1111, 30

111, 12, 8.111,28, 18. 55111515151156 ,.1

51 551511115151111, 22, 22. 55151- acinaces Persicus 1116 6. Aee. acinacem

11, ιι. 11, 41, 11111, ιι 1 1111114.

restit. 111, 5, 15 ιιι, 13, 511120, adeum numerahbus 111, 2321.

ι, 21, 23. 11, 33 2. 1111, 414 x, adhoc, non adhaec, pro praeterea 11, 30

39

 

